6.774500000000000632e+00 5.329450000000000642e+01 0.000000000000000000e+00
6.796700000000000408e+00 5.329450000000000642e+01 0.000000000000000000e+00
6.818900000000000183e+00 5.329450000000000642e+01 0.000000000000000000e+00
6.841099999999999959e+00 5.329450000000000642e+01 0.000000000000000000e+00
6.863300000000000622e+00 5.329450000000000642e+01 0.000000000000000000e+00
6.885500000000000398e+00 5.329450000000000642e+01 0.000000000000000000e+00
6.774500000000000632e+00 5.331670000000000442e+01 0.000000000000000000e+00
6.796700000000000408e+00 5.331670000000000442e+01 0.000000000000000000e+00
6.818900000000000183e+00 5.331670000000000442e+01 0.000000000000000000e+00
6.841099999999999959e+00 5.331670000000000442e+01 0.000000000000000000e+00
6.863300000000000622e+00 5.331670000000000442e+01 0.000000000000000000e+00
6.885500000000000398e+00 5.331670000000000442e+01 0.000000000000000000e+00
6.774500000000000632e+00 5.333890000000000242e+01 0.000000000000000000e+00
6.796700000000000408e+00 5.333890000000000242e+01 0.000000000000000000e+00
6.818900000000000183e+00 5.333890000000000242e+01 0.000000000000000000e+00
6.841099999999999959e+00 5.333890000000000242e+01 0.000000000000000000e+00
6.863300000000000622e+00 5.333890000000000242e+01 0.000000000000000000e+00
6.885500000000000398e+00 5.333890000000000242e+01 0.000000000000000000e+00
6.774500000000000632e+00 5.336110000000000753e+01 0.000000000000000000e+00
6.796700000000000408e+00 5.336110000000000753e+01 0.000000000000000000e+00
6.818900000000000183e+00 5.336110000000000753e+01 0.000000000000000000e+00
6.841099999999999959e+00 5.336110000000000753e+01 0.000000000000000000e+00
6.863300000000000622e+00 5.336110000000000753e+01 0.000000000000000000e+00
6.885500000000000398e+00 5.336110000000000753e+01 0.000000000000000000e+00
6.774500000000000632e+00 5.338330000000000553e+01 0.000000000000000000e+00
6.796700000000000408e+00 5.338330000000000553e+01 0.000000000000000000e+00
6.818900000000000183e+00 5.338330000000000553e+01 0.000000000000000000e+00
6.841099999999999959e+00 5.338330000000000553e+01 0.000000000000000000e+00
6.863300000000000622e+00 5.338330000000000553e+01 0.000000000000000000e+00
6.885500000000000398e+00 5.338330000000000553e+01 0.000000000000000000e+00
