6.730100000000000193e+00 5.325010000000000332e+01 2.900000000000000000e+03
6.752299999999999969e+00 5.325010000000000332e+01 2.900000000000000000e+03
6.774500000000000632e+00 5.325010000000000332e+01 2.900000000000000000e+03
6.796700000000000408e+00 5.325010000000000332e+01 2.900000000000000000e+03
6.818900000000000183e+00 5.325010000000000332e+01 2.900000000000000000e+03
6.841099999999999959e+00 5.325010000000000332e+01 2.900000000000000000e+03
6.863300000000000622e+00 5.325010000000000332e+01 2.900000000000000000e+03
6.885500000000000398e+00 5.325010000000000332e+01 2.900000000000000000e+03
6.907700000000000173e+00 5.325010000000000332e+01 2.900000000000000000e+03
6.929899999999999949e+00 5.325010000000000332e+01 2.900000000000000000e+03
6.730100000000000193e+00 5.327230000000000132e+01 2.900000000000000000e+03
6.752299999999999969e+00 5.327230000000000132e+01 2.900000000000000000e+03
6.774500000000000632e+00 5.327230000000000132e+01 2.900000000000000000e+03
6.796700000000000408e+00 5.327230000000000132e+01 2.900000000000000000e+03
6.818900000000000183e+00 5.327230000000000132e+01 2.900000000000000000e+03
6.841099999999999959e+00 5.327230000000000132e+01 2.900000000000000000e+03
6.863300000000000622e+00 5.327230000000000132e+01 2.900000000000000000e+03
6.885500000000000398e+00 5.327230000000000132e+01 2.900000000000000000e+03
6.907700000000000173e+00 5.327230000000000132e+01 2.900000000000000000e+03
6.929899999999999949e+00 5.327230000000000132e+01 2.900000000000000000e+03
6.730100000000000193e+00 5.329450000000000642e+01 2.900000000000000000e+03
6.752299999999999969e+00 5.329450000000000642e+01 2.900000000000000000e+03
6.774500000000000632e+00 5.329450000000000642e+01 2.900000000000000000e+03
6.796700000000000408e+00 5.329450000000000642e+01 2.900000000000000000e+03
6.818900000000000183e+00 5.329450000000000642e+01 2.900000000000000000e+03
6.841099999999999959e+00 5.329450000000000642e+01 2.900000000000000000e+03
6.863300000000000622e+00 5.329450000000000642e+01 2.900000000000000000e+03
6.885500000000000398e+00 5.329450000000000642e+01 2.900000000000000000e+03
6.907700000000000173e+00 5.329450000000000642e+01 2.900000000000000000e+03
6.929899999999999949e+00 5.329450000000000642e+01 2.900000000000000000e+03
6.730100000000000193e+00 5.331670000000000442e+01 2.900000000000000000e+03
6.752299999999999969e+00 5.331670000000000442e+01 2.900000000000000000e+03
6.774500000000000632e+00 5.331670000000000442e+01 2.900000000000000000e+03
6.796700000000000408e+00 5.331670000000000442e+01 2.900000000000000000e+03
6.818900000000000183e+00 5.331670000000000442e+01 2.900000000000000000e+03
6.841099999999999959e+00 5.331670000000000442e+01 2.900000000000000000e+03
6.863300000000000622e+00 5.331670000000000442e+01 2.900000000000000000e+03
6.885500000000000398e+00 5.331670000000000442e+01 2.900000000000000000e+03
6.907700000000000173e+00 5.331670000000000442e+01 2.900000000000000000e+03
6.929899999999999949e+00 5.331670000000000442e+01 2.900000000000000000e+03
6.730100000000000193e+00 5.333890000000000242e+01 2.900000000000000000e+03
6.752299999999999969e+00 5.333890000000000242e+01 2.900000000000000000e+03
6.774500000000000632e+00 5.333890000000000242e+01 2.900000000000000000e+03
6.796700000000000408e+00 5.333890000000000242e+01 2.900000000000000000e+03
6.818900000000000183e+00 5.333890000000000242e+01 2.900000000000000000e+03
6.841099999999999959e+00 5.333890000000000242e+01 2.900000000000000000e+03
6.863300000000000622e+00 5.333890000000000242e+01 2.900000000000000000e+03
6.885500000000000398e+00 5.333890000000000242e+01 2.900000000000000000e+03
6.907700000000000173e+00 5.333890000000000242e+01 2.900000000000000000e+03
6.929899999999999949e+00 5.333890000000000242e+01 2.900000000000000000e+03
6.730100000000000193e+00 5.336110000000000753e+01 2.900000000000000000e+03
6.752299999999999969e+00 5.336110000000000753e+01 2.900000000000000000e+03
6.774500000000000632e+00 5.336110000000000753e+01 2.900000000000000000e+03
6.796700000000000408e+00 5.336110000000000753e+01 2.900000000000000000e+03
6.818900000000000183e+00 5.336110000000000753e+01 2.900000000000000000e+03
6.841099999999999959e+00 5.336110000000000753e+01 2.900000000000000000e+03
6.863300000000000622e+00 5.336110000000000753e+01 2.900000000000000000e+03
6.885500000000000398e+00 5.336110000000000753e+01 2.900000000000000000e+03
6.907700000000000173e+00 5.336110000000000753e+01 2.900000000000000000e+03
6.929899999999999949e+00 5.336110000000000753e+01 2.900000000000000000e+03
6.730100000000000193e+00 5.338330000000000553e+01 2.900000000000000000e+03
6.752299999999999969e+00 5.338330000000000553e+01 2.900000000000000000e+03
6.774500000000000632e+00 5.338330000000000553e+01 2.900000000000000000e+03
6.796700000000000408e+00 5.338330000000000553e+01 2.900000000000000000e+03
6.818900000000000183e+00 5.338330000000000553e+01 2.900000000000000000e+03
6.841099999999999959e+00 5.338330000000000553e+01 2.900000000000000000e+03
6.863300000000000622e+00 5.338330000000000553e+01 2.900000000000000000e+03
6.885500000000000398e+00 5.338330000000000553e+01 2.900000000000000000e+03
6.907700000000000173e+00 5.338330000000000553e+01 2.900000000000000000e+03
6.929899999999999949e+00 5.338330000000000553e+01 2.900000000000000000e+03
6.730100000000000193e+00 5.340550000000000352e+01 2.900000000000000000e+03
6.752299999999999969e+00 5.340550000000000352e+01 2.900000000000000000e+03
6.774500000000000632e+00 5.340550000000000352e+01 2.900000000000000000e+03
6.796700000000000408e+00 5.340550000000000352e+01 2.900000000000000000e+03
6.818900000000000183e+00 5.340550000000000352e+01 2.900000000000000000e+03
6.841099999999999959e+00 5.340550000000000352e+01 2.900000000000000000e+03
6.863300000000000622e+00 5.340550000000000352e+01 2.900000000000000000e+03
6.885500000000000398e+00 5.340550000000000352e+01 2.900000000000000000e+03
6.907700000000000173e+00 5.340550000000000352e+01 2.900000000000000000e+03
6.929899999999999949e+00 5.340550000000000352e+01 2.900000000000000000e+03
6.730100000000000193e+00 5.342770000000000152e+01 2.900000000000000000e+03
6.752299999999999969e+00 5.342770000000000152e+01 2.900000000000000000e+03
6.774500000000000632e+00 5.342770000000000152e+01 2.900000000000000000e+03
6.796700000000000408e+00 5.342770000000000152e+01 2.900000000000000000e+03
6.818900000000000183e+00 5.342770000000000152e+01 2.900000000000000000e+03
6.841099999999999959e+00 5.342770000000000152e+01 2.900000000000000000e+03
6.863300000000000622e+00 5.342770000000000152e+01 2.900000000000000000e+03
6.885500000000000398e+00 5.342770000000000152e+01 2.900000000000000000e+03
6.907700000000000173e+00 5.342770000000000152e+01 2.900000000000000000e+03
6.929899999999999949e+00 5.342770000000000152e+01 2.900000000000000000e+03
6.730100000000000193e+00 5.344990000000000663e+01 2.900000000000000000e+03
6.752299999999999969e+00 5.344990000000000663e+01 2.900000000000000000e+03
6.774500000000000632e+00 5.344990000000000663e+01 2.900000000000000000e+03
6.796700000000000408e+00 5.344990000000000663e+01 2.900000000000000000e+03
6.818900000000000183e+00 5.344990000000000663e+01 2.900000000000000000e+03
6.841099999999999959e+00 5.344990000000000663e+01 2.900000000000000000e+03
6.863300000000000622e+00 5.344990000000000663e+01 2.900000000000000000e+03
6.885500000000000398e+00 5.344990000000000663e+01 2.900000000000000000e+03
6.907700000000000173e+00 5.344990000000000663e+01 2.900000000000000000e+03
6.929899999999999949e+00 5.344990000000000663e+01 2.900000000000000000e+03
